1          0         15
2          0         3
3          1         2
4          3         1
5          3         4
6          7         1
7          7         3
8          9         1
9          9         1
10         9         2
11         9         1
12         9         1
13         9         1
14         11         1
15         11         2
16         12         1
17         12         1
18         14         3
19         15         1
20         15         2
21         22         9
22         22         3
23         22         8
24         23         9
25         23         4
26         24         5
27         24         3
28         26         1
29         26         6
30         26         2
31         31         10
32         31         3
33         31         2
34         31         1
35         35         4
36         35         5
37         35         3
38         36         1
39         37         6
40         37         2
41         38         12
42         39         3
43         41         2
44         41         1
45         42         4
46         44         10
47         44         4
48         44         14
49         45         6